Timestamp                   Humidity      Temperature     Ambient    Light       VOC  UX   RH   PWM  SetRH   Ofn_x   Ofn_y
1999-12-31 19:22:06 -0800    14.77103      40.62390       261   41   221.19600       45    94    142    918    142         0    0    
1999-12-31 19:22:07 -0800    14.77103      40.62390       260   41   219.99600       44    94    142    918    142         0    0    
1999-12-31 19:22:09 -0800    14.85495      40.52737       262   41   222.39600       45    94    142    918    142         0    0    
1999-12-31 19:22:10 -0800    14.85495      40.52737       261   41   221.19600       43    94    142    918    142         0    0    
1999-12-31 19:22:12 -0800    14.89310      40.57027       260   41   219.99600       45    94    142    918    142         0    0    
1999-12-31 19:22:13 -0800    14.80917      40.58100       262   41   222.39600       44    94    142    918    142         0    0    
1999-12-31 19:22:15 -0800    14.80917      40.58100       262   41   222.39600       45    94    142    918    142         0    0    
1999-12-31 19:22:16 -0800    14.85495      40.53810       261   41   221.19600       43    94    142    918    142         5    0    
1999-12-31 19:22:18 -0800    14.85495      40.55955       260   41   219.99600       45    94    142    918    142         0    0    
1999-12-31 19:22:19 -0800    14.80917      40.52737       262   41   222.39600       45    94    142    918    142         0    0    
1999-12-31 19:22:21 -0800    14.85495      40.50592       261   41   221.19600       44    94    142    918    142         240    0    
1999-12-31 19:22:22 -0800    14.83969      40.42012       262   41   222.39600       44    94    142    918    142         16    0    
